Rounds	x%	o%	t%
50	0.400000	0.340000	0.260000
100	0.540000	0.360000	0.100000
150	0.560000	0.260000	0.180000
200	0.580000	0.200000	0.220000
250	0.600000	0.320000	0.080000
300	0.520000	0.340000	0.140000
350	0.600000	0.320000	0.080000
400	0.680000	0.200000	0.120000
450	0.640000	0.200000	0.160000
500	0.580000	0.280000	0.140000
550	0.520000	0.360000	0.120000
600	0.580000	0.300000	0.120000
650	0.440000	0.360000	0.200000
700	0.500000	0.360000	0.140000
750	0.540000	0.360000	0.100000
800	0.360000	0.440000	0.200000
850	0.380000	0.420000	0.200000
900	0.500000	0.300000	0.200000
950	0.460000	0.320000	0.220000
1000	0.420000	0.420000	0.160000
1050	0.480000	0.320000	0.200000
1100	0.580000	0.300000	0.120000
1150	0.660000	0.200000	0.140000
1200	0.700000	0.240000	0.060000
1250	0.680000	0.220000	0.100000
1300	0.700000	0.140000	0.160000
1350	0.620000	0.240000	0.140000
1400	0.660000	0.320000	0.020000
1450	0.620000	0.180000	0.200000
1500	0.800000	0.100000	0.100000
1550	0.720000	0.160000	0.120000
1600	0.660000	0.180000	0.160000
1650	0.740000	0.140000	0.120000
1700	0.700000	0.160000	0.140000
1750	0.680000	0.120000	0.200000
1800	0.760000	0.080000	0.160000
1850	0.720000	0.120000	0.160000
1900	0.780000	0.120000	0.100000
1950	0.800000	0.000000	0.200000
2000	0.780000	0.040000	0.180000
2050	0.780000	0.060000	0.160000
2100	0.880000	0.100000	0.020000
2150	0.860000	0.100000	0.040000
2200	0.840000	0.000000	0.160000
2250	0.880000	0.080000	0.040000
2300	0.900000	0.000000	0.100000
2350	0.860000	0.060000	0.080000
2400	0.900000	0.080000	0.020000
2450	0.920000	0.040000	0.040000
2500	0.880000	0.060000	0.060000
2550	0.940000	0.040000	0.020000
2600	0.860000	0.100000	0.040000
2650	0.920000	0.040000	0.040000
2700	0.880000	0.060000	0.060000
2750	0.880000	0.040000	0.080000
2800	1.000000	0.000000	0.000000
2850	0.960000	0.040000	0.000000
2900	0.920000	0.020000	0.060000
2950	1.000000	0.000000	0.000000
3000	0.900000	0.060000	0.040000
3050	0.980000	0.020000	0.000000
3100	0.900000	0.080000	0.020000
3150	0.980000	0.000000	0.020000
3200	0.940000	0.040000	0.020000
3250	0.980000	0.020000	0.000000
3300	0.980000	0.000000	0.020000
3350	0.900000	0.000000	0.100000
3400	1.000000	0.000000	0.000000
3450	0.980000	0.020000	0.000000
3500	0.980000	0.000000	0.020000
3550	0.940000	0.020000	0.040000
3600	0.980000	0.000000	0.020000
3650	0.920000	0.000000	0.080000
3700	1.000000	0.000000	0.000000
3750	0.960000	0.000000	0.040000
3800	0.920000	0.080000	0.000000
3850	0.980000	0.020000	0.000000
3900	0.980000	0.000000	0.020000
3950	0.980000	0.000000	0.020000
4000	0.980000	0.020000	0.000000
4050	0.980000	0.020000	0.000000
4100	0.980000	0.000000	0.020000
4150	1.000000	0.000000	0.000000
4200	1.000000	0.000000	0.000000
4250	0.980000	0.000000	0.020000
4300	1.000000	0.000000	0.000000
4350	0.980000	0.020000	0.000000
4400	1.000000	0.000000	0.000000
4450	1.000000	0.000000	0.000000
4500	1.000000	0.000000	0.000000
4550	1.000000	0.000000	0.000000
4600	0.980000	0.000000	0.020000
4650	1.000000	0.000000	0.000000
4700	0.980000	0.020000	0.000000
4750	0.980000	0.020000	0.000000
4800	1.000000	0.000000	0.000000
4850	1.000000	0.000000	0.000000
4900	1.000000	0.000000	0.000000
4950	1.000000	0.000000	0.000000
5000	1.000000	0.000000	0.000000
5050	1.000000	0.000000	0.000000
5100	0.980000	0.020000	0.000000
5150	1.000000	0.000000	0.000000
5200	1.000000	0.000000	0.000000
5250	1.000000	0.000000	0.000000
5300	0.980000	0.000000	0.020000
5350	1.000000	0.000000	0.000000
5400	1.000000	0.000000	0.000000
5450	1.000000	0.000000	0.000000
5500	1.000000	0.000000	0.000000
5550	0.980000	0.020000	0.000000
5600	1.000000	0.000000	0.000000
5650	1.000000	0.000000	0.000000
5700	0.980000	0.020000	0.000000
5750	1.000000	0.000000	0.000000
5800	1.000000	0.000000	0.000000
5850	1.000000	0.000000	0.000000
5900	1.000000	0.000000	0.000000
5950	1.000000	0.000000	0.000000
6000	1.000000	0.000000	0.000000
6050	1.000000	0.000000	0.000000
6100	1.000000	0.000000	0.000000
6150	1.000000	0.000000	0.000000
6200	1.000000	0.000000	0.000000
6250	1.000000	0.000000	0.000000
6300	0.980000	0.020000	0.000000
6350	1.000000	0.000000	0.000000
6400	1.000000	0.000000	0.000000
6450	1.000000	0.000000	0.000000
6500	1.000000	0.000000	0.000000
6550	1.000000	0.000000	0.000000
6600	1.000000	0.000000	0.000000
6650	1.000000	0.000000	0.000000
6700	1.000000	0.000000	0.000000
6750	1.000000	0.000000	0.000000
6800	1.000000	0.000000	0.000000
6850	1.000000	0.000000	0.000000
6900	1.000000	0.000000	0.000000
6950	0.980000	0.000000	0.020000
7000	0.980000	0.020000	0.000000
7050	1.000000	0.000000	0.000000
7100	1.000000	0.000000	0.000000
7150	1.000000	0.000000	0.000000
7200	1.000000	0.000000	0.000000
7250	1.000000	0.000000	0.000000
7300	1.000000	0.000000	0.000000
7350	1.000000	0.000000	0.000000
7400	1.000000	0.000000	0.000000
7450	1.000000	0.000000	0.000000
7500	1.000000	0.000000	0.000000
7550	1.000000	0.000000	0.000000
7600	1.000000	0.000000	0.000000
7650	1.000000	0.000000	0.000000
7700	1.000000	0.000000	0.000000
7750	1.000000	0.000000	0.000000
7800	1.000000	0.000000	0.000000
7850	1.000000	0.000000	0.000000
7900	1.000000	0.000000	0.000000
7950	1.000000	0.000000	0.000000
8000	1.000000	0.000000	0.000000
8050	1.000000	0.000000	0.000000
8100	1.000000	0.000000	0.000000
8150	1.000000	0.000000	0.000000
8200	1.000000	0.000000	0.000000
8250	1.000000	0.000000	0.000000
8300	1.000000	0.000000	0.000000
8350	1.000000	0.000000	0.000000
8400	1.000000	0.000000	0.000000
8450	1.000000	0.000000	0.000000
8500	1.000000	0.000000	0.000000
8550	1.000000	0.000000	0.000000
8600	1.000000	0.000000	0.000000
8650	1.000000	0.000000	0.000000
8700	1.000000	0.000000	0.000000
8750	1.000000	0.000000	0.000000
8800	1.000000	0.000000	0.000000
8850	1.000000	0.000000	0.000000
8900	1.000000	0.000000	0.000000
8950	1.000000	0.000000	0.000000
9000	1.000000	0.000000	0.000000
9050	1.000000	0.000000	0.000000
9100	1.000000	0.000000	0.000000
9150	1.000000	0.000000	0.000000
9200	1.000000	0.000000	0.000000
9250	1.000000	0.000000	0.000000
9300	1.000000	0.000000	0.000000
9350	1.000000	0.000000	0.000000
9400	1.000000	0.000000	0.000000
9450	1.000000	0.000000	0.000000
9500	1.000000	0.000000	0.000000
9550	1.000000	0.000000	0.000000
9600	1.000000	0.000000	0.000000
9650	1.000000	0.000000	0.000000
9700	1.000000	0.000000	0.000000
9750	1.000000	0.000000	0.000000
9800	1.000000	0.000000	0.000000
9850	1.000000	0.000000	0.000000
9900	1.000000	0.000000	0.000000
9950	1.000000	0.000000	0.000000
10000	1.000000	0.000000	0.000000
