Rounds	x%	o%	t%
50	0.600000	0.240000	0.160000
100	0.620000	0.260000	0.120000
150	0.680000	0.220000	0.100000
200	0.540000	0.240000	0.220000
250	0.720000	0.140000	0.140000
300	0.600000	0.240000	0.160000
350	0.580000	0.260000	0.160000
400	0.600000	0.240000	0.160000
450	0.700000	0.180000	0.120000
500	0.600000	0.300000	0.100000
550	0.440000	0.280000	0.280000
600	0.520000	0.320000	0.160000
650	0.660000	0.240000	0.100000
700	0.600000	0.260000	0.140000
750	0.680000	0.220000	0.100000
800	0.620000	0.200000	0.180000
850	0.720000	0.220000	0.060000
900	0.720000	0.160000	0.120000
950	0.660000	0.220000	0.120000
1000	0.820000	0.100000	0.080000
1050	0.680000	0.240000	0.080000
1100	0.780000	0.140000	0.080000
1150	0.540000	0.240000	0.220000
1200	0.660000	0.220000	0.120000
1250	0.560000	0.300000	0.140000
1300	0.740000	0.180000	0.080000
1350	0.720000	0.180000	0.100000
1400	0.780000	0.100000	0.120000
1450	0.720000	0.200000	0.080000
1500	0.760000	0.080000	0.160000
1550	0.740000	0.160000	0.100000
1600	0.680000	0.160000	0.160000
1650	0.780000	0.120000	0.100000
1700	0.800000	0.080000	0.120000
1750	0.740000	0.100000	0.160000
1800	0.820000	0.100000	0.080000
1850	0.880000	0.120000	0.000000
1900	0.840000	0.100000	0.060000
1950	0.960000	0.020000	0.020000
2000	0.820000	0.080000	0.100000
2050	0.880000	0.080000	0.040000
2100	0.820000	0.100000	0.080000
2150	0.940000	0.040000	0.020000
2200	0.860000	0.060000	0.080000
2250	0.820000	0.120000	0.060000
2300	0.920000	0.040000	0.040000
2350	0.940000	0.020000	0.040000
2400	0.840000	0.100000	0.060000
2450	0.920000	0.000000	0.080000
2500	0.900000	0.060000	0.040000
2550	0.920000	0.020000	0.060000
2600	0.860000	0.040000	0.100000
2650	0.940000	0.000000	0.060000
2700	0.940000	0.020000	0.040000
2750	0.940000	0.040000	0.020000
2800	0.980000	0.020000	0.000000
2850	0.960000	0.020000	0.020000
2900	0.940000	0.060000	0.000000
2950	0.940000	0.020000	0.040000
3000	0.960000	0.040000	0.000000
3050	0.980000	0.000000	0.020000
3100	0.940000	0.040000	0.020000
3150	0.960000	0.040000	0.000000
3200	0.960000	0.040000	0.000000
3250	0.920000	0.020000	0.060000
3300	0.980000	0.020000	0.000000
3350	0.960000	0.020000	0.020000
3400	0.960000	0.040000	0.000000
3450	0.980000	0.000000	0.020000
3500	0.980000	0.000000	0.020000
3550	0.960000	0.040000	0.000000
3600	0.940000	0.020000	0.040000
3650	1.000000	0.000000	0.000000
3700	0.920000	0.060000	0.020000
3750	0.960000	0.020000	0.020000
3800	1.000000	0.000000	0.000000
3850	1.000000	0.000000	0.000000
3900	1.000000	0.000000	0.000000
3950	1.000000	0.000000	0.000000
4000	1.000000	0.000000	0.000000
4050	1.000000	0.000000	0.000000
4100	0.980000	0.000000	0.020000
4150	1.000000	0.000000	0.000000
4200	0.980000	0.020000	0.000000
4250	1.000000	0.000000	0.000000
4300	0.960000	0.040000	0.000000
4350	0.980000	0.020000	0.000000
4400	1.000000	0.000000	0.000000
4450	0.980000	0.000000	0.020000
4500	1.000000	0.000000	0.000000
4550	0.980000	0.020000	0.000000
4600	0.980000	0.020000	0.000000
4650	1.000000	0.000000	0.000000
4700	1.000000	0.000000	0.000000
4750	1.000000	0.000000	0.000000
4800	1.000000	0.000000	0.000000
4850	0.980000	0.020000	0.000000
4900	1.000000	0.000000	0.000000
4950	1.000000	0.000000	0.000000
5000	1.000000	0.000000	0.000000
5050	1.000000	0.000000	0.000000
5100	1.000000	0.000000	0.000000
5150	1.000000	0.000000	0.000000
5200	0.960000	0.040000	0.000000
5250	0.980000	0.020000	0.000000
5300	1.000000	0.000000	0.000000
5350	1.000000	0.000000	0.000000
5400	1.000000	0.000000	0.000000
5450	1.000000	0.000000	0.000000
5500	1.000000	0.000000	0.000000
5550	0.980000	0.000000	0.020000
5600	1.000000	0.000000	0.000000
5650	1.000000	0.000000	0.000000
5700	1.000000	0.000000	0.000000
5750	0.980000	0.020000	0.000000
5800	1.000000	0.000000	0.000000
5850	1.000000	0.000000	0.000000
5900	1.000000	0.000000	0.000000
5950	1.000000	0.000000	0.000000
6000	1.000000	0.000000	0.000000
6050	1.000000	0.000000	0.000000
6100	1.000000	0.000000	0.000000
6150	1.000000	0.000000	0.000000
6200	1.000000	0.000000	0.000000
6250	1.000000	0.000000	0.000000
6300	1.000000	0.000000	0.000000
6350	1.000000	0.000000	0.000000
6400	1.000000	0.000000	0.000000
6450	1.000000	0.000000	0.000000
6500	1.000000	0.000000	0.000000
6550	1.000000	0.000000	0.000000
6600	1.000000	0.000000	0.000000
6650	1.000000	0.000000	0.000000
6700	1.000000	0.000000	0.000000
6750	1.000000	0.000000	0.000000
6800	1.000000	0.000000	0.000000
6850	1.000000	0.000000	0.000000
6900	1.000000	0.000000	0.000000
6950	1.000000	0.000000	0.000000
7000	1.000000	0.000000	0.000000
7050	1.000000	0.000000	0.000000
7100	1.000000	0.000000	0.000000
7150	0.980000	0.020000	0.000000
7200	1.000000	0.000000	0.000000
7250	1.000000	0.000000	0.000000
7300	1.000000	0.000000	0.000000
7350	1.000000	0.000000	0.000000
7400	1.000000	0.000000	0.000000
7450	1.000000	0.000000	0.000000
7500	1.000000	0.000000	0.000000
7550	1.000000	0.000000	0.000000
7600	1.000000	0.000000	0.000000
7650	1.000000	0.000000	0.000000
7700	1.000000	0.000000	0.000000
7750	1.000000	0.000000	0.000000
7800	1.000000	0.000000	0.000000
7850	1.000000	0.000000	0.000000
7900	1.000000	0.000000	0.000000
7950	1.000000	0.000000	0.000000
8000	1.000000	0.000000	0.000000
8050	0.980000	0.020000	0.000000
8100	1.000000	0.000000	0.000000
8150	1.000000	0.000000	0.000000
8200	1.000000	0.000000	0.000000
8250	1.000000	0.000000	0.000000
8300	1.000000	0.000000	0.000000
8350	1.000000	0.000000	0.000000
8400	1.000000	0.000000	0.000000
8450	1.000000	0.000000	0.000000
8500	1.000000	0.000000	0.000000
8550	1.000000	0.000000	0.000000
8600	1.000000	0.000000	0.000000
8650	1.000000	0.000000	0.000000
8700	1.000000	0.000000	0.000000
8750	1.000000	0.000000	0.000000
8800	1.000000	0.000000	0.000000
8850	1.000000	0.000000	0.000000
8900	1.000000	0.000000	0.000000
8950	1.000000	0.000000	0.000000
9000	1.000000	0.000000	0.000000
9050	1.000000	0.000000	0.000000
9100	1.000000	0.000000	0.000000
9150	1.000000	0.000000	0.000000
9200	1.000000	0.000000	0.000000
9250	1.000000	0.000000	0.000000
9300	1.000000	0.000000	0.000000
9350	1.000000	0.000000	0.000000
9400	1.000000	0.000000	0.000000
9450	1.000000	0.000000	0.000000
9500	1.000000	0.000000	0.000000
9550	1.000000	0.000000	0.000000
9600	1.000000	0.000000	0.000000
9650	1.000000	0.000000	0.000000
9700	1.000000	0.000000	0.000000
9750	1.000000	0.000000	0.000000
9800	1.000000	0.000000	0.000000
9850	1.000000	0.000000	0.000000
9900	1.000000	0.000000	0.000000
9950	1.000000	0.000000	0.000000
10000	1.000000	0.000000	0.000000
